302465380.28 -79886737.57 57388784.97 -108693347.92 -103264132.28 -26185161.17 -202133234.86 -81275562.82 -87463652.81 -20958673.05 164573598.58 1221500.80 67594507.36 -78820925.46 33497274.82 -147793057.66 -38317869.83 -34809104.15 -98029895.62 57525534.21 15327970.37 37891020.30 -35917401.19 74180223.43 53539866.96 -57626193.72 62494242.05 -98418352.88 -52984239.46 -112581814.06 128391476.30 149693548.20 -45303712.31 -32510074.96 64917880.36 -57054004.67 -9188419.07 58691940.04 75741162.02 -34339836.68 80845524.66 -50190377.25 61300154.05 -170595643.59 103247220.40 -173340838.60 -1904530.34 34600600.18 -85460699.83 63210504.17 38185469.57 30557251.35 62158042.52 14039673.08 44983699.97 -67736722.14 86179216.23 82209808.14 -41963554.99 -2657393.93 -38163677.57 172941503.13 25148215.45 97406345.69 -9046272.79 -144722024.11 5598261.22 90384038.57 -5048726.33 81032057.42 -76007692.91 -20147537.27 31366562.64 -37577803.97 -45024565.91 -60907267.94 -149255366.58 -5971442.70 -61591118.30 48822997.92 139639064.26 67232074.32 -57517972.53 11799523.92 21494433.61 -108359614.01 14134494.99 -39003531.31 -27611157.38 9957387.20 25198688.63 114027478.91 -2981409.43 31891685.78 -14638131.34 4728903.22 35738514.81 -27665340.37 45558569.91 -12108059.67
-79886737.57 358143707.58 -80340885.88 128311160.23 33845427.87 -20237378.02 86855636.29 -102883805.67 -76074143.66 -2451488.90 -115736145.27 -40896191.05 36977227.51 96923486.69 -7600720.03 15093043.49 34438201.32 10921467.00 263760073.53 27014976.36 3951027.52 -55507285.55 111977410.96 -114823966.42 115032876.11 31723207.43 -103616680.80 78777468.27 31229574.69 32315763.09 -53210386.55 -63126834.65 94307863.84 -3399970.81 -113950251.49 15898281.48 -2522376.92 -37161481.81 -3382731.83 -66254718.53 53874935.81 -86209830.10 15829756.20 80167552.56 -61815715.45 92063542.55 13646651.81 -15369625.67 -28694985.68 50414372.32 -50749540.28 -25110038.50 -95680709.33 80260237.23 -84658492.88 7451676.01 -95213401.62 -7264797.71 20998964.16 14007128.22 -40163217.42 64218728.28 43088148.60 -10911053.16 -44242507.64 81413947.04 16294565.37 -87359406.28 -37499824.18 -105007680.43 4296918.24 2942452.88 17637254.79 -382899.82 8642028.24 11230261.21 29946690.57 -28031451.55 95749808.85 -14452710.93 -14486218.59 -80851383.53 21860553.62 -112173789.93 -35322770.24 98325791.14 -58025816.86 -18210299.16 -21690711.23 -18780321.65 52101130.78 -35693213.94 -55650505.28 -30288994.07 22621158.81 -65255614.63 21004737.96 -30018020.22 -23246182.94 33989037.48
57388784.97 -80340885.88 220644869.66 -78118484.23 59770567.41 161089298.52 -94722977.17 57175250.87 97721705.88 16068419.64 54738209.27 184856759.49 -173272133.95 -58970023.77 55509119.51 9356221.03 -187247784.14 -86923435.46 -141590784.93 35558440.90 68962826.06 71267815.99 -211158748.50 -38487206.88 -146650245.35 -129760000.03 -44045888.26 40179335.81 71835068.23 62699537.63 -145222415.01 -44476029.11 -216293977.62 90473920.73 -51018486.95 9949375.02 195783739.62 195925732.73 -140999682.29 87550827.01 -198886796.65 99548845.44 -43089333.26 -46908339.90 86693706.09 -129373452.91 -127259222.65 107106574.87 28600908.86 -184357970.14 137017013.26 31877131.04 78850196.21 -126842830.23 26556916.66 -1095069.45 -41740983.08 -68496697.17 65158358.70 109529711.76 135602336.12 -71735271.18 -251228575.86 -98390268.62 90721315.90 49374136.58 -271333416.09 142847747.26 236274023.36 -58286589.89 35097793.78 39229418.42 -40626969.67 122182727.72 112991094.78 132234043.75 -35977224.89 168237303.99 -57460163.61 55182251.61 -66882304.05 130755345.01 -41084435.84 -50861672.39 6077848.30 -44179400.32 45298978.68 -31874439.62 -76277878.69 -48566861.11 -212969768.68 -24172993.40 -47206804.74 64341659.47 47637289.35 73270557.91 -7044607.50 104752420.32 50972228.60 54983821.02
-108693347.92 128311160.23 -78118484.23 270874265.88 4983180.52 -41844086.37 132640318.94 -61989711.02 -10591942.01 -65250100.25 -118378974.62 -76342537.40 42372.16 74124013.34 -21794692.38 61235356.14 85288157.97 -3703621.35 147590206.18 -6359606.99 -23798413.83 -38722981.90 133630762.61 -65855526.77 40227494.76 38888749.08 -67687082.15 142918727.92 5558635.34 65916776.74 -56771457.90 -49374151.00 130195365.49 17896119.84 -82989783.84 -23673372.87 -9978211.27 -66078919.16 -13449273.18 -42621760.88 -12270705.54 -22371335.45 14753712.85 143355857.21 -89509465.80 109209005.20 61515024.46 -55347056.02 -21372293.03 17779847.97 -64294055.63 -17035878.85 -64737242.68 -406263.12 -70758428.23 36154898.66 -85941632.97 -43771459.06 46471569.81 -16078688.13 -4220546.77 -19665763.07 83733839.25 -118571394.51 -43661561.99 43654542.69 26704669.02 -96428145.63 -27460096.53 -97176317.78 4872793.89 40475528.53 21005303.44 37247738.83 47902718.89 43400493.86 67471299.22 -24127089.90 58576526.50 -14853129.28 -23696048.94 -61739138.88 32540946.27 -106314837.28 -38243104.59 95876899.79 -35029669.21 35246595.49 64774513.42 531485.00 57956334.43 -76069390.29 -32291515.63 3170085.58 32786468.46 -91220422.98 -22856395.39 -16619788.57 -65987689.29 6704228.13
-103264132.28 33845427.87 59770567.41 4983180.52 246712897.16 97486558.27 114705111.58 153705420.62 147296889.63 124755265.39 -152826703.98 96426595.24 -135345115.20 39739810.98 -3335017.74 173054020.78 -116936701.39 15694084.29 11862300.82 -40469837.35 91297382.81 9532217.74 -90184540.75 -110290615.13 -143949583.60 8397115.72 -61636652.51 34683128.56 89164115.98 124806101.38 -152353027.26 -157608118.36 -114858714.87 77766857.48 -22078691.20 22997648.77 125358589.37 57831232.48 -164250232.54 86921336.76 -236359847.90 130304402.19 -80161333.51 107045259.85 -12126077.16 42549782.84 -62640828.90 81667601.62 127915410.61 -140443347.39 66319512.01 41339596.79 -32106276.04 -81397127.48 3583621.41 69057866.30 -143767294.33 -78921908.42 65761046.45 81339118.51 122877570.87 -199553101.43 -195381949.11 -169448366.87 80435826.65 73314044.33 -165624604.34 -28950550.99 127804267.11 -152757310.14 105684009.53 30178161.17 -65223310.92 49118194.47 46385061.53 108502165.50 120206411.86 66415563.74 35246454.14 14953750.36 -172815819.30 15812386.76 18765973.91 -63907355.64 32356811.05 78370897.43 2497629.43 -30227018.87 -79756745.94 -35983802.36 -168218683.93 -128435522.65 -23503088.99 -33885213.78 21795141.10 19314653.66 -28213301.75 114188172.07 -37832540.65 67129789.77
-26185161.17 -20237378.02 161089298.52 -41844086.37 97486558.27 380215656.38 8518963.69 62478950.73 60987588.74 12201376.50 58242610.13 202310810.35 -201524195.09 -50579626.91 78036291.37 31823551.89 -136766133.28 -145391890.60 -23701352.07 37692765.76 98315912.92 21239136.85 -232266532.64 -65697068.02 -115672312.49 -40405710.17 -58447308.40 -2186369.33 92760372.09 119076739.49 -185711999.15 -115565984.25 -262847614.76 122211523.59 -65470810.09 147704607.88 216070077.48 142069839.59 -156613014.43 138549536.87 -185074981.79 100675745.30 -72356308.40 -21382123.04 38001561.95 -40923047.05 -72493020.79 97855565.73 56684286.72 -202041538.28 135112111.12 13395081.90 39534549.07 -93372268.37 28662298.52 37861741.41 -73677955.22 -67772518.31 82236920.56 86073182.62 107602708.98 -122645150.32 -250271544.00 -33037652.76 128617898.76 100762529.44 -318974228.23 105292704.12 210592911.22 -81062308.03 96828355.64 -27621060.72 -4998345.81 89775944.58 31931067.64 108316847.61 -46730852.03 161310422.85 -33003152.75 47925202.47 -136898065.19 134949329.87 -65091100.98 -74107037.53 -24913064.84 -31184578.46 27165324.54 -25844712.76 -127277811.83 -53114711.25 -185605228.82 -62524816.54 -57767107.88 31329650.33 20000922.21 -5025593.23 -55412993.64 70987725.18 92073601.46 28681064.88
-202133234.86 86855636.29 -94722977.17 132640318.94 114705111.58 8518963.69 464668024.00 62304094.04 61870631.05 14096235.81 -190055853.56 -40506049.34 -66318085.78 39053250.40 -54955515.32 185727661.20 38553682.03 18122600.71 144911537.24 -28456088.93 -15088309.77 -86773154.84 71840113.67 -51809123.71 -18301147.18 134491798.14 -49714143.09 78551216.98 109515192.40 124408826.80 -113656320.84 -155999437.94 53878524.55 30885578.90 -14558453.78 20910661.19 -29102537.21 -93972180.10 -92833892.12 43507212.18 -106051539.48 93727539.61 -48436280.09 209061064.27 -96793524.74 204272856.26 35359961.52 -14353906.96 125977402.03 -58317035.97 -63893500.57 17752388.21 -114870713.62 -2392264.06 -21780109.17 136717710.72 -139349464.91 -77649899.00 3814606.87 -10728846.07 27832892.29 -195695248.01 -72342737.69 -153897218.45 -10006242.93 101065491.75 -4989380.92 -140167651.57 -25265879.47 -131614613.72 44813333.95 9528927.59 12524935.50 -43927.11 -37432997.05 35241263.92 184919423.28 -41553392.84 56175319.56 412492.78 -145390213.88 -80133785.82 56381352.33 -42746718.22 -18514615.53 162049729.85 -40217359.15 29428252.55 25669790.48 24669334.06 -7309350.51 -158785458.23 -39196824.57 -56533052.36 19306576.52 -40467995.92 -31512884.33 30947046.49 -75586647.23 15311221.19
-81275562.82 -102883805.67 57175250.87 -61989711.02 153705420.62 62478950.73 62304094.04 302625135.08 185575041.09 135740507.85 -72066527.52 94963873.70 -147315683.74 686621.44 12644520.72 134660867.24 -85936861.93 19730593.75 -97329249.72 -91318877.89 48041149.27 25948694.20 -114047497.29 -15748975.67 -207223532.14 479193.18 31772259.95 -27951945.98 58069460.44 61690451.84 -96264570.80 -93930970.90 -101962663.41 53434684.94 40301162.26 -9968692.77 69545084.83 43196363.94 -121594900.08 83112106.22 -193778515.44 157596501.65 -76584748.05 37369918.31 -682854.70 30338038.30 -63880482.44 76370378.08 122952215.07 -138648183.93 41635764.47 32117342.25 8550902.42 -83729840.02 46950722.87 66334700.76 -63977384.87 -39080253.96 15253924.91 54301735.97 122904923.33 -231594756.97 -172279176.65 -96920908.41 62363108.11 37418249.79 -128185816.88 4086990.47 89817198.57 -50872647.68 62435847.99 23319048.63 -57322894.46 14180627.93 17449125.99 61850677.96 91877300.32 46881924.20 -4829007.40 -5656546.18 -144952934.84 39798895.22 18584551.37 55021033.82 48477373.51 34484000.89 31544535.89 -21268889.41 -48343372.48 8953460.10 -156295939.47 -92073401.19 28151442.47 -17022753.32 -23163188.44 41079903.12 -35346984.29 110537707.53 -28718363.19 25148313.23
-87463652.81 -76074143.66 97721705.88 -10591942.01 147296889.63 60987588.74 61870631.05 185575041.09 312950267.10 77749873.86 -144238321.51 133447156.71 -200177403.73 5895826.45 -5824032.27 151831148.25 -124372497.92 -21193904.24 -96571207.71 -45430503.88 21954912.28 45278401.21 -85392888.28 -72723368.66 -214274891.13 -52103565.81 -50215096.04 110498246.03 95351596.45 100263212.85 -179876507.79 -115913939.89 -87639898.40 82196821.95 -65697171.73 -51830938.76 142795839.84 116761512.95 -185573665.07 66644352.23 -232257203.43 172349285.66 -58591173.04 100069534.32 22878017.31 -19742005.69 -119449254.43 80520301.09 114045595.08 -207281838.92 44060161.48 36619831.26 13534333.43 -123317727.01 31012516.88 58478170.77 -161603760.86 -105183136.95 67710925.92 116973130.98 200891557.34 -212282000.96 -237153305.64 -237328684.40 36466450.12 103698611.80 -213902215.87 5406931.48 207162707.58 -180116873.67 23053759.00 66948325.64 -74314720.45 126022498.94 126382462.00 169374760.97 139047734.33 118346365.21 -788523.39 18896931.83 -131316625.83 40746256.23 43098585.38 -19885665.17 50919974.52 55193043.90 20141905.90 -1283621.40 11531429.53 -29583272.89 -225714998.46 -131412037.18 -19892894.52 34549569.69 50308930.57 58318900.13 -28777017.28 144416320.54 -46033004.18 64144261.24
-20958673.05 -2451488.90 16068419.64 -65250100.25 124755265.39 12201376.50 14096235.81 135740507.85 77749873.86 395089501.62 -56831982.75 38126454.47 -97811217.97 19654187.21 -22082330.51 94439190.01 -19028802.16 35614645.52 8299650.05 -17267255.12 66066666.04 46798507.97 -92601123.52 -63468999.90 -93786956.37 -11779193.05 35099296.72 -88647222.21 16700350.21 21374840.61 -19380555.03 -84088463.13 23541036.36 4582427.71 54305424.03 -29912505.00 28067111.60 -6090298.29 -91384872.31 26131229.99 -72289208.67 47499818.42 -32746789.28 -9570077.92 8817761.07 43528817.07 2346083.33 44431793.85 70042162.84 -63474787.16 53755448.24 1322908.02 -24434271.81 -84027973.25 -1664440.36 25151823.53 -3282457.10 26010730.81 -11486622.32 44185770.74 36305778.10 -106712458.20 -33553229.88 -60879495.64 77419102.88 -46660879.44 -80077882.11 2434339.24 1927426.34 26994941.09 63046158.76 31724104.40 -85333321.69 -69125792.30 10431323.76 -18666480.27 37226420.09 -12880855.03 25150667.37 -43878625.41 -95250987.07 -48446771.01 17017694.14 -4239026.41 79189663.28 68348695.66 -9390588.34 -51296179.64 -84415460.71 -17274904.13 -22255295.70 -76060984.42 55097044.24 -66336634.55 -48294218.67 23202489.89 -23144719.52 67937248.30 -37842777.42 42767820.00
164573598.58 -115736145.27 54738209.27 -118378974.62 -152826703.98 58242610.13 -190055853.56 -72066527.52 -144238321.51 -56831982.75 414956802.88 -1848025.90 30193535.66 -84866678.16 97347057.12 -183069861.36 16732856.47 -46407235.85 -115397265.32 15196880.51 15902872.67 3024875.60 -165691879.89 138804765.73 12494670.26 -78077350.42 127611170.35 -183610668.58 -74888010.16 -170435458.76 167993502.60 175852499.50 -88472182.01 -17569404.66 101776402.66 69996039.63 -80195983.77 -3176070.66 157127062.32 36880796.62 93431054.96 -58644315.95 20648365.35 -214495571.29 69727715.70 -92654136.30 60756888.96 9877411.48 -96180708.53 35083463.47 55435284.87 -17599280.35 103259909.82 22026940.38 26962225.27 -36243804.84 250153565.53 71712931.44 -68070913.69 -78703348.63 -96958018.27 145229150.43 90204408.75 277993042.99 52242411.51 -110359852.81 59034419.52 163595498.87 -84372300.03 263792910.72 13408969.39 -86302298.97 78998037.94 -101491799.67 -117346672.61 -133577696.64 -212971776.28 -24169496.40 -104365927.00 1216313.22 93978365.56 85025197.62 -71266779.23 50915793.22 -54502140.09 -153424509.71 29901697.29 -10845934.01 -40815205.08 15291408.50 35282361.93 157880252.21 13795027.87 46155352.08 -45834262.04 -14327807.48 -14807746.89 -82353651.07 77273293.21 -63209340.37
1221500.80 -40896191.05 184856759.49 -76342537.40 96426595.24 202310810.35 -40506049.34 94963873.70 133447156.71 38126454.47 -1848025.90 362507490.32 -216748000.12 -56966731.94 33037433.34 51850824.86 -219756348.31 -79960770.63 -105146179.10 36177818.73 68636322.89 53830562.82 -237215038.67 -69423938.05 -153344598.52 -106789628.20 -74270672.43 37921157.64 125152282.06 99740740.46 -187193675.18 -104426842.28 -229398778.79 104827035.56 -88170165.12 38117740.85 217857621.45 208304383.56 -172076040.46 86507567.84 -223591846.82 138961749.27 -58565043.43 -23612634.07 91974918.92 -102545817.08 -148459034.82 128250448.70 69226807.69 -238218229.31 133826000.09 47760391.87 59052454.04 -104863718.40 24696842.49 7920213.38 -103243887.25 -85546505.34 41284381.53 149975432.59 158634770.95 -121540928.35 -312663538.03 -66559268.79 86650110.73 99905151.41 -308988278.26 125049248.09 267700794.19 -120184050.06 24690106.61 47785465.25 -38972431.84 126568662.55 110438063.61 155829407.58 -1085992.06 176829832.82 -28755187.78 43904681.44 -118446363.22 108753928.84 -9308594.01 -59741528.56 23095559.13 1794436.51 28937866.51 -35849319.79 -111674088.86 -65182768.28 -247164625.85 -58849672.57 -74879748.91 41743858.30 58858210.18 66535226.74 -33695906.67 132582203.15 56959462.43 50670398.85
67594507.36 36977227.51 -173272133.95 42372.16 -135345115.20 -201524195.09 -66318085.78 -147315683.74 -200177403.73 -97811217.97 30193535.66 -216748000.12 419261034.44 20681797.62 -93347387.10 -134103017.58 139426573.25 115002959.93 53773903.46 -42210079.71 -49237487.55 -55977860.62 253040405.89 86637407.51 206191142.04 51894351.36 44739768.13 -94143365.80 -146542271.38 -126649667.98 218386849.38 183274410.28 154127540.77 -114266861.88 82633264.44 -32758092.59 -230021739.99 -140923925.88 233368864.10 -112402262.60 259532353.74 -166240246.17 70971057.13 -53733925.51 -44577367.52 6856077.48 101616722.74 -117269421.74 -95813206.75 352399283.25 -109230535.35 -31912770.57 -24133352.40 182619842.16 78419.05 -69814337.06 131513368.31 100652444.22 -60109456.91 -159022798.85 -199250459.49 190479416.21 291532003.53 192313391.77 -113418637.71 -122314306.03 358919095.30 -102289335.35 -255982562.25 117850275.50 -60562764.83 -52594927.19 13905392.72 -127022473.89 -135352687.83 -176117285.86 -24940982.50 -176635869.62 25330397.78 -62074879.00 176562721.34 -106363889.60 -1111343.45 55204667.00 -19557490.31 -67024744.93 -19127805.93 9577684.77 34215839.70 47505249.28 266756829.71 186016867.99 56477900.65 -26262335.14 -36137288.26 -55166477.70 65601311.89 -150359881.29 12619602.99 -71734428.59
-78820925.46 96923486.69 -58970023.77 74124013.34 39739810.98 -50579626.91 39053250.40 686621.44 5895826.45 19654187.21 -84866678.16 -56966731.94 20681797.62 221644490.80 62864188.08 33611783.60 53557791.43 28900177.11 102021655.64 -42415440.53 15105737.63 -37297440.44 107601108.07 -76273788.31 15098033.22 16609250.54 -47690123.69 40686115.38 -4026597.20 -7448113.80 -45635478.44 -34992301.54 79776763.95 -12835049.70 -34075105.38 -6456348.41 -16477457.81 -46588962.70 6168860.28 -36117822.42 -25075901.08 -28929749.99 -2058327.69 77329798.67 -40901654.34 34614263.66 21272489.92 -49864826.56 3430990.43 8428960.43 -34415723.17 -336111.39 -49631835.22 20730957.34 -26457750.77 23060201.12 -37451138.51 -25542285.60 21014852.27 -550803.67 -1714930.31 -9344750.61 53004836.71 -62996370.05 -710665.53 50538130.15 46502980.48 -60350784.17 -33452175.07 -30133423.32 60349521.35 2009133.99 -25668199.10 -8322688.71 4734721.35 4392281.32 60442822.68 -34019178.44 96313134.96 -30069606.82 -51327377.48 -69342268.42 12210914.73 -49453092.82 4637251.87 48093478.25 -39241161.75 1340535.95 15889506.88 -33060146.54 -11919840.11 -22392765.83 -2363706.17 -29479811.96 2906649.92 -40900224.52 -17439211.93 -5173621.11 -22527894.83 37500655.59
33497274.82 -7600720.03 55509119.51 -21794692.38 -3335017.74 78036291.37 -54955515.32 12644520.72 -5824032.27 -22082330.51 97347057.12 33037433.34 -93347387.10 62864188.08 231626660.36 -33946369.12 3009264.71 -61202999.61 -1765326.08 -1855734.25 51322183.91 4234079.84 -93700935.65 -35370471.03 -36407836.50 -11430979.18 11618340.59 -34692080.34 13913952.08 -22608260.52 -37547489.16 -8501352.26 -77149390.77 14959348.58 10232657.90 53273215.87 42725192.47 24408037.58 -8156587.44 35154221.86 -38571885.80 1808474.29 -18554897.41 -26008604.05 14026562.94 -39184432.06 14792785.20 22079401.72 1415444.71 -89687707.29 32240869.11 20015074.89 12549492.06 -24254062.38 2532194.51 21775339.40 19500917.77 -5576347.32 13573316.55 25845519.61 14036752.97 2281565.67 -23037323.01 32295448.23 53159227.75 11576906.43 -74886672.24 59130137.11 34200695.21 28742789.96 58090302.63 -48061843.73 32547196.18 -2410310.43 -37149873.37 8016617.60 -49529135.04 46742544.84 -20516314.76 35456498.46 -42477066.20 36245846.86 -48781463.99 -30244918.54 -7927044.85 -31352276.47 -3459109.47 -9502832.77 -26775132.84 -20285606.26 -88647317.83 8314857.45 -27135583.89 -3268568.68 -26969074.80 -22337189.24 -45727229.65 1914163.17 29910268.45 41365078.87
-147793057.66 15093043.49 9356221.03 61235356.14 173054020.78 31823551.89 185727661.20 134660867.24 151831148.25 94439190.01 -183069861.36 51850824.86 -134103017.58 33611783.60 -33946369.12 265630799.40 -61567753.77 35934963.91 21037227.44 -38139114.73 36753493.43 653906.36 -30780423.13 -89511434.51 -124078398.98 39348344.34 -71454368.89 81154869.18 80421343.60 127074607.00 -119484417.64 -155730525.74 -22998818.25 65146470.10 -38320070.58 -16949008.61 73251966.99 6094389.10 -133749933.92 59640451.38 -192785776.28 131374647.81 -64349345.89 165783588.47 -44930129.54 91019193.46 -24683793.28 45238633.24 131039138.23 -132336290.77 16657357.63 27360103.41 -61512787.42 -85624305.86 -17624752.97 84443847.92 -154658854.71 -96844809.80 53726689.07 61005643.13 109259366.49 -195490338.81 -124368457.49 -189243211.25 45829491.27 60704211.95 -93045183.72 -70643816.37 84683635.73 -148746557.52 72536420.15 48751172.79 -49117256.30 51987326.09 51305993.15 99230762.12 153897071.48 33017517.36 30778208.76 -5638987.02 -156956039.68 -15685018.62 59128081.53 -62084634.02 23372249.67 127929614.05 -19961271.95 -7159354.25 -14042733.32 -16634879.74 -98518466.31 -150849618.03 -23113609.37 -26689922.16 26138117.72 -5474120.72 -36786899.13 105772079.69 -80771941.03 41253074.39
-38317869.83 34438201.32 -187247784.14 85288157.97 -116936701.39 -136766133.28 38553682.03 -85936861.93 -124372497.92 -19028802.16 16732856.47 -219756348.31 139426573.25 53557791.43 3009264.71 -61567753.77 460400378.06 27287398.74 109641031.27 -19245870.90 -91544771.74 -64262825.81 201272909.70 56334520.32 157119549.85 126751386.17 78209879.94 -37072962.99 -100320566.57 -106713429.17 175892077.19 70362274.09 249948012.58 -99212024.07 37275059.25 13320213.22 -206359383.18 -210466081.07 145547745.91 -71106668.79 263625796.55 -145370244.36 56142704.94 26037527.30 -117241993.71 96823413.29 157178334.55 -156487117.93 -70484415.94 192242528.06 -136435733.54 -89738059.76 -74484359.59 104317370.97 -20939911.14 -7622368.25 90901933.12 98304890.03 -50887132.10 -129959178.04 -156178803.68 113837900.02 305286041.34 97090959.58 -71326663.90 -55759917.22 285992314.11 -116344641.54 -258431549.44 114949469.31 -27444731.02 -71685485.38 56401954.53 -135535848.08 -99353275.02 -147304417.05 -18680935.69 -160496695.81 27074203.59 -81365318.19 103905986.15 -119340141.79 14897277.36 37360159.81 3864250.50 5046999.88 -34581024.12 27253044.58 96295497.51 43973035.09 217880781.52 34160422.80 66552173.46 -54834108.33 -73711198.45 -95398509.89 -4910612.30 -146675373.48 -36335391.20 -56185440.78
-34809104.15 10921467.00 -86923435.46 -3703621.35 15694084.29 -145391890.60 18122600.71 19730593.75 -21193904.24 35614645.52 -46407235.85 -79960770.63 115002959.93 28900177.11 -61202999.61 35934963.91 27287398.74 273471530.42 4727389.95 -52729088.22 -39453406.06 -22186356.13 35838556.38 16445367.00 17745283.53 29386053.85 24465419.62 -46399517.31 -37204310.89 -54500047.49 120971019.87 25564370.77 105676747.26 -44907766.39 29489807.93 -40732834.10 -109519636.50 -53163798.39 92521353.59 -61104068.11 38014390.23 4233904.32 8000324.62 10304703.98 -27808732.03 31428371.97 44404587.23 -23796548.25 8509960.74 91806118.74 -49532972.86 -3723450.08 -27226856.91 74751591.65 -32155992.46 -4945258.57 36748111.80 239078.71 -53209073.42 -41865778.36 -58770633.00 31028793.70 102702877.02 86780921.26 -38879559.22 -59108039.54 215803059.79 -66438230.86 -118807949.76 32578395.99 -4188815.34 18337486.30 -9541032.79 -65951600.40 -52667036.34 -77329578.37 55579026.99 -112410600.13 33133512.27 -78240951.51 3599492.83 -82957082.11 62438379.04 -2038069.51 -12018228.82 63551924.56 -13917669.44 -13952150.74 -10528442.81 26805713.77 90504619.20 23377828.48 32498165.14 -46166611.65 -13117869.77 -10542139.21 25278615.38 2373092.20 -55944039.52 -29050054.10
-98029895.62 263760073.53 -141590784.93 147590206.18 11862300.82 -23701352.07 144911537.24 -97329249.72 -96571207.71 8299650.05 -115397265.32 -105146179.10 53773903.46 102021655.64 -1765326.08 21037227.44 109641031.27 4727389.95 387845670.48 16513284.31 -19906842.53 -64111208.60 147925064.91 -91765085.47 141701179.06 115943930.38 -71125061.85 36946598.22 1612009.64 31921735.04 -34107932.60 -61750856.70 145312540.79 -29046030.86 -63413919.54 71660688.43 -63066763.97 -112879461.86 30105080.12 -54575976.58 95479685.76 -100837890.15 14806931.15 83593673.51 -115255648.50 163543678.50 76539262.76 -61670333.72 -29605902.73 72549831.27 -88260298.33 -26456007.55 -108819592.38 86745994.18 -85069873.93 37087803.96 -64790400.67 26358853.24 -5506195.89 -31245857.83 -80207225.47 42245868.23 106140118.55 -4958621.21 -41184897.69 64894199.99 53357032.32 -121689172.33 -113054013.23 -50829674.48 47006490.19 -23169771.17 42481894.74 -51208682.87 -43548484.81 -43721823.84 30850565.52 -85641178.60 97079804.80 -5445790.98 -27131901.64 -109054605.58 4969326.57 -92778326.98 -29819627.29 114737197.09 -58920277.91 -2952448.21 1306291.72 10382495.30 116536198.73 -42785857.99 -37788605.33 -52765914.12 -12231080.24 -109264118.68 9584070.91 -66791444.27 -33499146.99 9851068.43
57525534.21 27014976.36 35558440.90 -6359606.99 -40469837.35 37692765.76 -28456088.93 -91318877.89 -45430503.88 -17267255.12 15196880.51 36177818.73 -42210079.71 -42415440.53 -1855734.25 -38139114.73 -19245870.90 -52729088.22 16513284.31 148323866.14 -19261407.70 18913918.23 -43601813.26 -16574388.64 54932381.89 -39161863.79 -23845120.02 21683268.05 29903329.47 6531896.87 -12028469.77 -22736490.87 -607838.38 2547864.97 -55586452.71 4777894.26 54252372.86 49860843.97 -30831161.05 -22336865.75 53734884.59 -27731227.32 28756529.98 -32763362.66 42749110.33 -46755471.67 -28497524.41 24480242.11 -38743648.90 -43609343.90 23215050.50 11008986.28 2779622.45 -13480815.99 -9991505.10 -23179740.21 -23378604.84 8295840.07 -9156404.06 42621741.00 -278437.64 81410036.06 -32218558.62 -13705521.38 -5643314.86 6402610.82 -73731567.85 41630445.50 51593343.60 -22875756.65 -51035125.98 13778047.66 28365734.57 26746874.96 33251832.02 26511719.99 -49495914.65 33006916.23 -19058540.37 39518409.85 32782261.19 14831576.25 -7373400.60 -35154160.15 14021903.54 10181025.92 -12389022.08 -22584156.38 -11320940.45 -3560235.87 22620487.56 -1966041.16 -49537945.50 5209773.71 18755928.59 2735717.15 16891978.74 7264886.56 24226355.84 14898448.26
15327970.37 3951027.52 68962826.06 -23798413.83 91297382.81 98315912.92 -15088309.77 48041149.27 21954912.28 66066666.04 15902872.67 68636322.89 -49237487.55 15105737.63 51322183.91 36753493.43 -91544771.74 -39453406.06 -19906842.53 -19261407.70 355829085.46 3963798.39 -71785693.10 -75533614.48 -64446717.95 -25125338.63 -17327949.86 -36032482.79 47001663.63 20835611.03 -50381772.61 -42885005.71 -210915648.22 44216680.13 24940014.45 35940070.42 61735469.02 56559886.13 -65236426.89 64213513.41 -162620485.25 68085395.84 -48845643.86 -4269868.50 33050952.49 -2978645.51 -61853991.25 93479021.27 57753710.26 -65894765.74 77417451.66 83523800.44 9131194.61 -72826341.83 31553191.06 43941049.95 -9849979.68 -37307786.77 65198769.10 16412981.16 43011616.52 -86991952.78 -119989441.46 -59987792.22 85671160.30 -34072954.02 -122278450.69 47397267.66 82500434.76 -11436049.49 98570735.18 -15095994.18 -34104326.27 -10595609.88 -41637387.82 24072964.15 -9509953.49 49038686.39 -2445222.21 50961239.01 -93702134.65 44355332.41 -45164072.44 -26853642.99 1281328.70 -5826997.92 -3128196.92 -50200476.22 -90449237.29 -31789520.71 -119468957.28 -12712354.00 -28464321.34 -17443795.13 -24869744.25 -22653713.69 -39318370.10 52778537.72 36159383.00 32379013.42
37891020.30 -55507285.55 71267815.99 -38722981.90 9532217.74 21239136.85 -86773154.84 25948694.20 45278401.21 46798507.97 3024875.60 53830562.82 -55977860.62 -37297440.44 4234079.84 653906.36 -64262825.81 -22186356.13 -64111208.60 18913918.23 3963798.39 135738545.32 -81864430.17 -21008463.55 -55862651.02 -56606274.70 -19026232.93 -5994408.86 1693189.56 34043747.96 -31635773.68 525138.22 -42945151.29 22242438.06 -6474185.62 -20977059.65 59729404.95 65824129.06 -70141685.96 19938678.34 -48099569.32 32849045.77 -9840762.93 -35490914.57 39600350.42 -49751749.58 -44608760.32 28574077.20 -1177165.81 -50386247.81 48143206.59 10731262.37 31551424.54 -55117487.90 -238157.01 -15595553.12 8703367.25 -5797750.84 13870089.03 41556131.09 49326439.45 -1482232.85 -58370109.53 -43083018.29 33003999.23 -30115845.09 -105441623.76 54101811.59 76835795.69 2215966.44 -5278401.89 27960610.75 -23608474.34 37074589.05 54857939.11 45839652.08 -14450375.56 53879693.32 -29671881.28 32968142.94 -7936222.72 33043200.34 -11879018.51 -38705713.06 33733234.63 -15792321.99 21717194.01 -17210593.29 -25124392.36 -10065822.78 -36698054.35 -9328351.07 -7143394.41 27633209.80 17528501.68 30355271.24 -32563.17 44816598.65 7465196.93 22649752.35
-35917401.19 111977410.96 -211158748.50 133630762.61 -90184540.75 -232266532.64 71840113.67 -114047497.29 -85392888.28 -92601123.52 -165691879.89 -237215038.67 253040405.89 107601108.07 -93700935.65 -30780423.13 201272909.70 35838556.38 147925064.91 -43601813.26 -71785693.10 -81864430.17 507211805.34 33176665.96 196716218.49 121180377.81 -1361544.42 75212174.65 -102052277.93 -63850184.53 96776218.83 68529121.73 255655577.22 -104681912.43 16698787.89 -97945455.14 -164868566.54 -191375709.43 127651698.55 -152171943.15 231759867.19 -146709525.72 86587795.58 96860522.94 -87957902.07 88752574.93 87218135.19 -157135682.29 -64404937.30 259553123.70 -195566061.90 -58766874.12 -74670720.95 110287393.61 3966253.50 -28202735.61 -3967039.24 58734473.67 220024.54 -116121910.40 -121119602.04 104428624.66 270189059.98 -59166692.78 -165279609.26 -19169850.58 289491658.75 -187582113.90 -209061458.80 -21689197.05 -99625536.38 -13015279.74 -6254282.83 -53136657.44 -51683272.38 -91133303.41 63349869.95 -148029864.17 90968885.23 -61823291.55 143388238.79 -154436567.15 25489407.00 115455674.45 724088.14 5863392.52 -57670642.48 55404607.22 148278469.15 24148000.73 214695246.16 26856975.44 54596556.10 -33271951.69 -16000703.81 -78945664.25 42548418.34 -132544466.84 -47371355.56 -35721023.14
74180223.43 -114823966.42 -38487206.88 -65855526.77 -110290615.13 -65697068.02 -51809123.71 -15748975.67 -72723368.66 -63468999.90 138804765.73 -69423938.05 86637407.51 -76273788.31 -35370471.03 -89511434.51 56334520.32 16445367.00 -91765085.47 -16574388.64 -75533614.48 -21008463.55 33176665.96 216099532.58 21719581.11 25262420.43 111417908.20 -72952893.73 -74563546.31 -110268969.91 132847664.45 120308540.35 35624120.84 -53130604.81 100404338.51 -23806973.52 -116665003.92 -61453536.81 126377985.17 -22816310.53 106294084.81 -39333855.10 32420030.20 -92273557.44 8997859.55 -19749024.45 36693777.81 -45658942.67 -44595378.68 94287027.32 -44066317.28 -32122370.50 56578150.67 45885616.23 42606360.12 -44283504.99 137024104.38 49623503.29 -66622584.84 -84962510.78 -74910067.42 56230157.28 85524286.60 131754882.84 -44489265.64 -56193977.96 147590226.37 23266880.72 -112678504.18 130349969.57 -55197947.76 -23403330.12 36775853.79 -65178917.82 -78921952.76 -108666886.79 -74797054.43 -69112798.55 -46868825.15 -35859329.93 105831279.41 28352504.47 -18825617.38 169782352.07 -24478626.24 -97495331.86 30009326.14 41659477.84 48920348.77 50841656.35 74918708.78 84226787.06 56631856.72 18781232.93 -39408151.19 36476902.37 22027330.96 -72080220.22 7947961.06 -71692811.52
53539866.96 115032876.11 -146650245.35 40227494.76 -143949583.60 -115672312.49 -18301147.18 -207223532.14 -214274891.13 -93786956.37 12494670.26 -153344598.52 206191142.04 15098033.22 -36407836.50 -124078398.98 157119549.85 17745283.53 141701179.06 54932381.89 -64446717.95 -55862651.02 196716218.49 21719581.11 439104248.64 82754502.96 6486496.73 -71198716.20 -79927386.78 -94747702.38 134277387.98 80370774.88 175898221.37 -109383618.28 24748696.04 33894062.01 -136840980.39 -150269166.28 147243814.70 -81406283.00 345589275.34 -199563608.57 80201188.73 -37474412.91 -31924249.92 8700903.08 112612628.34 -141271066.14 -107218137.15 193709532.85 -72670721.75 -53828385.97 -50668426.80 134536371.76 -34929954.35 -62185487.46 60929332.91 117064545.82 -74360308.31 -99081228.25 -191290565.89 260456107.81 266019693.13 179832964.37 -78198988.11 -58491291.43 220496225.90 -84694127.75 -203239974.65 69652636.10 -61550897.23 -59999497.59 22390182.32 -107939194.29 -75534758.23 -133671073.26 -86315644.90 -129454202.02 52864162.38 2847896.60 136702947.94 -103512587.00 -16243133.85 -14608612.40 3661263.29 -20900028.33 -48448247.33 7378802.37 10935384.30 8883995.88 231866929.31 84748202.59 13971603.25 -43077418.54 -34276218.66 -58117898.10 45527082.49 -160658177.69 52241359.59 -47946451.99
-57626193.72 31723207.43 -129760000.03 38888749.08 8397115.72 -40405710.17 134491798.14 479193.18 -52103565.81 -11779193.05 -78077350.42 -106789628.20 51894351.36 16609250.54 -11430979.18 39348344.34 126751386.17 29386053.85 115943930.38 -39161863.79 -25125338.63 -56606274.70 121180377.81 25262420.43 82754502.96 309839385.28 38793328.05 -51590397.88 -28191902.46 -9961852.06 62746747.30 -26910190.80 81690629.69 -67894367.96 66468437.36 49606760.33 -114416813.07 -158194162.96 43587757.02 -13898875.68 77802431.66 -29163945.25 -10616625.95 47336774.41 -97455308.60 131003488.40 113561234.66 -90620050.82 43114980.17 76871029.17 -101948363.43 -18841006.65 -55822074.48 84675815.08 2963181.97 30988465.86 3548281.23 47342901.14 -45163825.99 -69103442.93 -81587354.57 -19814947.87 129988277.45 55545499.69 -42683959.79 -23132768.11 132037023.22 -108003083.43 -158856740.33 41717947.42 17794406.09 -70112654.27 50906186.64 -93658275.97 -120760769.91 -100171719.94 33990146.42 -105185355.70 42144864.70 -36602529.08 -6182598.74 -69788978.68 8174243.47 84287791.92 -8700241.39 44334190.99 -22973979.01 25781352.69 39143830.62 31037307.20 124940902.63 -47372674.09 48384929.57 -67981250.22 -56701665.34 -30301045.78 -18644339.19 -73559965.37 -46735624.09 -37089385.67
62494242.05 -103616680.80 -44045888.26 -67687082.15 -61636652.51 -58447308.40 -49714143.09 31772259.95 -50215096.04 35099296.72 127611170.35 -74270672.43 44739768.13 -47690123.69 11618340.59 -71454368.89 78209879.94 24465419.62 -71125061.85 -23845120.02 -17327949.86 -19026232.93 -1361544.42 111417908.20 6486496.73 38793328.05 207630265.82 -130663578.11 -64409397.69 -102781531.29 149695933.07 83466116.97 27743532.46 -70193973.19 143788347.13 -2727359.90 -127541124.30 -91433712.19 99097696.79 -17566942.91 101850920.43 -30726192.48 18779019.82 -106098261.82 13083132.17 28575762.17 58245835.43 -29056025.05 -28954694.06 68979443.94 -40333913.66 -24795466.88 39905849.29 33644654.85 46005990.74 -13436233.37 154752196.00 84398112.91 -76931486.22 -77903365.16 -79264848.80 28977052.90 112974612.22 130647480.46 -19069853.02 -92155985.34 129168035.99 22180341.34 -142585618.56 177392959.19 -34434544.14 -59778299.50 34457941.41 -107886763.20 -95202836.14 -133781241.17 -78404260.81 -87440476.93 -40360438.53 -35978877.31 60970664.03 -11110445.91 -24965996.76 159296520.69 -9818154.62 -69620657.24 15378310.76 16462679.46 46814916.39 42998853.97 70721750.40 61949421.68 84310628.34 -24992603.45 -81970660.57 15055764.99 1239458.58 -63914864.60 -1746901.32 -51846801.90
-98418352.88 78777468.27 40179335.81 142918727.92 34683128.56 -2186369.33 78551216.98 -27951945.98 110498246.03 -88647222.21 -183610668.58 37921157.64 -94143365.80 40686115.38 -34692080.34 81154869.18 -37072962.99 -46399517.31 36946598.22 21683268.05 -36032482.79 -5994408.86 75212174.65 -72952893.73 -71198716.20 -51590397.88 -130663578.11 363838209.96 66214022.38 108524703.78 -191057976.86 -89187645.96 31950489.53 62432717.88 -211787101.80 -87748395.83 129945154.77 96763725.88 -112996043.14 -58253820.84 -120409000.50 35104363.59 9231869.89 160906492.25 -23701177.76 2573933.24 -89874571.50 -157924.98 9908286.01 -97921429.99 -37345432.59 6244207.19 -19796188.64 -62225500.08 -48354407.19 582711.70 -176772340.93 -135272108.02 103725933.85 83283590.91 123369812.27 -75882083.03 -113638217.71 -263246267.47 -64919797.95 132208091.73 -115287078.94 -32721775.59 173280915.51 -213701479.74 -69852228.07 101015819.57 -23833524.52 193880394.87 203905889.93 181670866.90 107062918.26 113161658.14 23668369.54 12007606.76 -17486150.90 11542406.16 46481062.31 -57849689.24 -42419752.55 76983723.83 -12900141.17 20958998.53 133711850.46 -30628590.96 -94337357.53 -102103868.25 -45333649.59 64313586.62 84146506.50 5306830.06 6366123.65 72193829.47 -56849991.25 39727693.17
-52984239.46 31229574.69 71835068.23 5558635.34 89164115.98 92760372.09 109515192.40 58069460.44 95351596.45 16700350.21 -74888010.16 125152282.06 -146542271.38 -4026597.20 13913952.08 80421343.60 -100320566.57 -37204310.89 1612009.64 29903329.47 47001663.63 1693189.56 -102052277.93 -74563546.31 -79927386.78 -28191902.46 -64409397.69 66214022.38 166540997.80 93827633.20 -137604525.44 -118308254.54 -103213172.05 57356196.30 -84460949.38 11253838.59 121968935.19 106545202.30 -139370941.72 39613320.58 -147452448.08 99009028.01 -35774282.69 69046055.67 29861316.66 7653359.66 -103932587.08 86544177.44 76224942.43 -165416584.57 45288045.83 42170912.61 -23884468.22 -47021878.66 3712220.23 46393233.12 -122439212.51 -73775473.60 19287618.27 101594159.33 108090921.69 -123608743.61 -213902405.29 -98130022.05 28020378.47 97774263.15 -159102508.52 25565655.83 156452570.93 -139801083.32 6968525.35 26781265.99 -13359051.10 75948079.29 59677144.35 113894298.32 67490806.68 99690238.56 5808867.96 31121713.18 -108754057.48 22855061.58 10882737.73 -46496204.82 13442717.87 77316890.25 -2603053.75 -19409092.05 -46639415.12 -35742164.54 -155929421.11 -79701589.83 -82495430.17 -1176880.96 51104980.92 37405198.48 -29453038.93 88242029.89 7692081.17 51855668.59
-112581814.06 32315763.09 62699537.63 65916776.74 124806101.38 119076739.49 124408826.80 61690451.84 100263212.85 21374840.61 -170435458.76 99740740.46 -126649667.98 -7448113.80 -22608260.52 127074607.00 -106713429.17 -54500047.49 31921735.04 6531896.87 20835611.03 34043747.96 -63850184.53 -110268969.91 -94747702.38 -9961852.06 -102781531.29 108524703.78 93827633.20 346034608.60 -180609838.04 -151895188.14 -89655636.65 70888606.70 -100519714.98 26770662.99 144355659.59 70241219.70 -175762928.32 74966366.98 -173190439.68 95256518.41 -54243622.29 113846903.07 -12884724.94 71480030.06 -55754254.68 50547247.84 77226011.83 -131506290.17 55341529.23 11830595.01 -42806630.82 -87755556.26 -18066847.37 42435137.52 -186718065.11 -72679581.20 80469923.67 66309258.73 104560299.09 -162363680.21 -164837539.89 -173383136.65 43519721.87 91198150.55 -215874652.12 -41747362.77 144492406.33 -185333023.92 39279640.75 34274815.39 -48802545.70 125908177.69 97089203.75 150305379.72 91244973.08 118875381.96 3813519.36 52652231.58 -138223880.08 40388435.98 18278530.13 -94708995.42 -7885671.73 82985512.65 4097103.65 -316575.65 -27068170.72 -22035222.14 -96607527.71 -110177339.43 -38760765.77 9358564.44 43553472.32 -6815372.12 -15378657.53 87636453.29 5287494.57 45063795.99
128391476.30 -53210386.55 -145222415.01 -56771457.90 -152353027.26 -185711999.15 -113656320.84 -96264570.80 -179876507.79 -19380555.03 167993502.60 -187193675.18 218386849.38 -45635478.44 -37547489.16 -119484417.64 175892077.19 120971019.87 -34107932.60 -12028469.77 -50381772.61 -31635773.68 96776218.83 132847664.45 134277387.98 62746747.30 149695933.07 -191057976.86 -137604525.44 -180609838.04 458100639.32 186093138.22 156278895.71 -120741171.94 166320548.38 -49062423.65 -254657704.05 -174596945.94 277918395.04 -111008539.66 268416310.68 -133343062.23 73292556.07 -138817525.57 4549129.42 1289752.42 148518061.68 -62458393.80 -103367095.81 242774577.19 -97790472.41 -43541352.63 -15225415.46 127763043.10 3436879.99 -58009929.12 201688198.25 130701183.16 -118751485.97 -146785373.91 -196488803.55 192660559.15 319467194.47 297713580.71 -76006374.77 -218678371.09 386561158.24 -34934703.41 -295294551.31 232003969.44 -67252934.89 -60849075.25 96335836.66 -207810770.95 -194761458.89 -228327491.92 -124852562.56 -196985734.68 -37722963.28 -71521104.06 186596237.28 -72734697.66 26851908.49 116275669.94 -29981132.37 -70006460.99 -8862193.99 17721078.71 34601634.64 70140258.22 241937571.65 159339190.93 81120494.59 -55297992.20 -88708956.32 -39186314.76 21912668.83 -130536967.35 -41786335.07 -109879764.65
