248635746.14 -52863827.48 -64829567.91 44574888.93 104456217.37 81360998.73 197486267.17 -32991565.33 -39755763.99 -66346502.11 14026363.60 44595520.46 -10128171.24 -66801620.48 -46494777.91 62624853.83 -87910065.83 17500919.29 38244164.29 5519321.16 -30531671.18 -29781435.36 51048970.22 -26391222.05 -51368005.50 168392534.37 -14921166.17 42699307.41 23362286.05 -70810227.39 204473997.23 5383890.38 93237415.77 -80207750.88 124669442.98 55192696.57 8482513.72 -29811588.04 167519900.93 -87356440.98 74022364.12 5994364.52 219856.80 33908125.42 -53513306.61 7069463.05 -8126523.66 -75720084.69 45974257.98 144004847.57 -52939003.79 -21710257.93 -6413244.42 31626785.97 -60776761.72 -63938487.28 -98907793.63 33195399.85 -58385567.19 -26732933.30 29388666.61 34966026.69 -6244641.77 39257565.57 -4553782.00 -36298795.18 -31736161.51 -61346287.98 58221962.83 -43008464.18 -62551267.06 -49592690.96 -11784172.36 -18242848.37 24271318.00 -40887203.30 -89400930.36 -44815274.12 -66200958.21 -61593424.12 -74508435.01 91532370.90 -43226234.10 -27755144.99 12431424.43 17410605.80 -27801526.83 -69047043.06 51000660.60 -78367978.73 -49616968.98 26241166.32 30483621.09 -53649954.27 20925123.42 36232983.96 -17794213.05 8560671.30 -2601167.78 22815451.56 -26794846.78 -47881833.27 -35655920.21 -52996120.70 -13159842.42 -38186254.43 -15051190.43 -25741725.89 60363996.12 57674636.12 65398952.38 55843778.64 26934861.47 -65877736.84 -40146946.01 -44494549.49 -54381656.85
-52863827.48 90892983.91 33884498.47 -50382331.68 -30952565.24 -26581244.89 -47854079.45 7573901.05 26584982.40 17231653.28 -12444842.01 -25800380.16 10163819.14 28268721.90 24841029.47 -53787617.78 55548730.55 25706261.67 37425053.67 -1716076.46 4359326.20 12191612.02 -53252404.40 19284658.34 14713305.88 -62775123.24 -1560287.78 -2171129.20 4445127.43 37328191.99 -66304080.39 -6469635.24 -5124479.84 64295847.51 -66345191.64 -19928715.05 -13698560.89 4196722.35 -78207630.68 54139288.40 -21452772.49 -18518611.10 1729616.18 10662358.81 52915157.77 -34608572.56 -10899734.28 31970804.70 -13457359.64 -56673012.05 6904820.59 -9521545.54 -16993477.03 10043800.35 53692143.66 -1318581.89 25145325.76 -35164568.77 -8190000.81 -15314468.92 -16770936.01 -40483135.93 5876810.61 14148452.95 -12754790.61 6326256.21 -11853309.12 42158629.40 -32583974.78 15750527.21 5068609.33 16530342.42 64185835.02 -15772971.99 -10233608.61 -10674601.92 23119968.03 15465047.26 -9212058.83 38353302.27 12322343.37 13814962.29 10870620.29 -5696930.60 -17087283.18 -28333642.82 41558859.55 61959461.33 -32183264.01 33334389.65 8374761.40 -28379946.30 -4699845.53 38862742.11 -31562230.19 -9110735.65 -5796818.66 10367160.69 17032492.60 -5454958.06 2102493.60 927104.11 4604598.17 49437183.69 17745282.97 9266519.95 -3062552.05 1365932.50 -23336834.49 -35093068.49 -22868793.24 -35332673.98 -38296005.14 15819051.54 -2646110.63 8862929.89 37861575.53
-64829567.91 33884498.47 140300541.04 -63974537.12 -53760696.68 -20261592.32 -58756324.89 2691018.62 19709175.96 56075932.84 37808876.55 42298625.40 -3788769.30 72658249.46 18113051.04 -58715138.22 33017596.11 41011680.23 7109596.23 -2915052.89 36940882.76 -2894037.42 -26457840.83 30923223.90 -46096998.55 -23587124.68 2476847.78 5392106.36 19814738.99 4247629.56 -76322768.83 -9414582.67 -31092183.28 39683768.07 -48677514.07 -38027463.48 -53241092.33 37016687.91 -22238033.12 22597977.97 16947735.07 -28898988.54 7508152.75 29155411.37 32816839.34 -16148540.00 -37465965.71 41371263.26 5330825.93 -70060108.48 -11334819.84 6275630.02 -16699636.47 -11356364.08 7122137.23 -35378150.33 11395674.32 -18848648.20 -58386922.24 26860636.64 49473201.56 -48249142.36 -5110577.83 30868870.52 -15249317.05 18277739.77 -16017425.56 46447180.97 -35210931.22 864560.77 -10555182.11 4703285.99 5635505.58 -56300495.42 17788730.95 -44654384.36 41686292.59 30931669.82 -11990087.26 2248180.83 41042313.93 -16513951.15 33389583.85 -17012677.04 49503873.38 6219569.75 39542211.11 43949017.89 -28971022.45 3898302.22 45106819.97 -27885045.73 -6188417.96 50779519.68 -38597972.63 -23647900.09 -12796503.10 -27014640.75 18252643.17 35164155.51 19394789.17 36488060.68 6285688.74 531935.25 -11445673.47 37018584.52 -27050978.48 17041595.06 -63602602.93 -66234799.93 -10426187.67 -26538474.42 -38376146.58 57269503.11 -27868040.07 12036575.46 32741067.10
44574888.93 -50382331.68 -63974537.12 257251771.73 21768784.17 37677761.52 -107217486.04 10881287.46 8914910.81 -40747176.31 -99792380.60 -18734310.75 45246595.55 -76429403.69 45249177.88 121478540.63 -16834518.04 -112792702.92 -66019793.92 27276121.95 2393899.61 14522986.43 -46408424.99 -20427693.25 42790410.29 -131566830.83 35982561.63 38151107.21 54800514.84 -103982244.60 47527370.02 -117721685.83 73414194.57 -16207514.08 213949.77 -81421311.64 2261716.52 1403347.76 -44492546.27 -40090448.18 18062587.92 -44309621.69 -67606507.41 -7025323.78 -50275395.82 71403022.85 42149631.13 -41607138.89 -8660366.23 34610157.36 32779640.00 39717655.87 49147433.38 45884209.76 -47463173.93 106050768.52 -23095688.83 -32902183.36 132306602.60 9393077.49 26141871.40 141440464.48 -96050586.98 13252289.36 22035798.80 15074602.62 66851471.29 -73195339.18 -48425073.37 53303758.62 56744763.74 30253006.83 -8310834.57 51372238.42 -21866961.20 76935306.49 38963619.44 -6025356.33 119780705.58 -96162771.32 -36404409.22 41806027.70 -10013690.30 30310548.81 -61944107.77 -603443.41 -75881528.04 -21966553.26 -16964782.60 39957014.06 -16992239.18 -51895003.89 -87745287.12 -57245118.48 55418349.22 47178238.76 -34078501.25 59024463.10 -25624356.99 -64069396.65 16360546.01 -10925889.48 -87443532.42 -9273004.90 61436567.38 -7472864.64 23243330.36 1380290.91 69262823.92 43107547.92 -45539998.83 7139238.43 -70017033.73 -42248454.05 97035564.78 -12420768.70 -45101506.06
104456217.37 -30952565.24 -53760696.68 21768784.17 217607377.60 -3194426.04 234054717.40 -39873869.10 -39749061.76 -63479988.88 44777828.83 55550240.69 -20522578.01 -48295624.25 -68961074.68 31316473.06 -70861831.60 9524455.52 35714787.52 -27024365.61 -34291121.95 -8719676.13 85808950.45 -20715535.82 -17847624.27 269127230.60 -18856240.94 -14647194.36 92302986.28 -40125507.16 176462890.46 140978947.61 55632271.00 -78622300.65 125932531.21 33279278.80 -8431206.05 -33405158.81 212684637.17 -81131131.75 107539860.35 44158728.75 -71507717.97 60844670.65 -6511995.38 76205179.29 17428283.57 -70096664.46 44936481.21 77252845.80 -90182732.56 -44678979.70 -42385802.18 -24762682.80 8542803.51 -122428187.05 -61259447.40 76704625.08 -87011063.96 -28233355.07 51332608.84 -30334685.08 30555434.46 76854303.80 13917053.23 14334845.05 -68200800.28 -11040253.75 57224403.06 -81613710.95 -66211347.83 -52140300.73 -16671484.13 38082475.86 -73444725.77 -35030795.07 -97080117.12 -51515024.89 -45364145.98 -26862002.89 -100201501.78 -4921377.87 -61080157.87 -20880638.76 28688912.66 -13031898.97 -13816092.60 -60131978.83 43892288.83 -81384213.50 -41958051.75 35719304.55 -37649841.68 -54615670.04 23492480.65 15768620.19 31162168.18 -13123946.47 -16968891.55 3549276.79 -48823778.55 -113129417.04 -19872869.98 -38015183.47 -51671556.18 -64190727.20 -839194.20 -47956335.65 5694262.35 39550235.35 123605331.61 90872697.87 91553549.70 -69407314.61 -94292457.78 8190931.74 -88635369.62
81360998.73 -26581244.89 -20261592.32 37677761.52 -3194426.04 159265447.32 -22729550.24 -22513541.74 -45374106.40 23774049.48 -9024789.81 -1567939.95 973440.35 -59600324.89 37707894.68 37835752.42 -47593286.24 923663.88 19298177.88 19097441.75 -909752.60 13823232.23 4291338.81 14750056.54 -41340045.91 -26395520.04 9809710.42 42379256.00 -23131928.36 -33595850.80 57671816.82 -128381549.03 59437448.36 -33174860.29 76299950.57 10588697.16 -36405526.69 -792931.45 4162796.52 -80883505.39 -4894764.29 -35356883.89 22257311.39 126384.01 -62401135.02 -28578126.36 21696760.93 -10770441.10 19479009.57 82207138.16 -22287765.20 25222588.66 25881859.17 18241806.56 -85670962.13 -10940072.69 -51712140.04 17399499.44 -47154866.60 24451173.29 31973300.20 56618677.28 3107033.82 -13948288.84 36545307.59 -62592903.59 27924489.08 -30402746.39 23806864.42 2195320.41 -24962782.47 9819735.63 -20398434.77 -17476483.78 100677482.59 -35780778.71 -33212695.77 -7124040.54 16956055.38 -36126532.53 -21204903.42 68072222.49 -13848548.51 6581273.60 -9360754.98 8153439.39 -45772145.24 -39060995.47 34878591.19 21387881.86 4617944.61 29702594.91 47515189.68 -40282030.68 33015369.01 -27364921.45 -38615370.46 -38407015.11 24323157.81 65485899.15 21319742.81 32703055.32 -28759117.62 -52935457.11 51579.17 -237117.84 -8777176.84 -21485929.30 61453963.71 45801776.71 -731433.03 -1124394.77 -20072271.94 12220071.75 -38001414.42 -2652183.90 -41062182.26
197486267.17 -47854079.45 -58756324.89 -107217486.04 234054717.40 -22729550.24 719825348.19 -65211028.30 -69484731.96 -121445813.08 226371255.63 142916962.48 -55203419.22 -13223048.46 -276005929.89 -2120293.14 -90683020.81 218323516.31 196537636.31 -89091052.82 -48157867.16 -88586905.34 127505917.24 -48697957.02 -125562459.48 657500133.40 -73391964.14 27805061.44 68000419.07 8340346.64 271731777.25 389234641.40 66550921.80 -170270333.85 193922249.00 74286348.59 45824298.75 -45626807.01 441214279.96 -66117081.95 205894501.15 145308838.54 -26742566.18 88577881.45 20419040.41 13112583.08 -42691880.64 -114094332.66 91658961.00 141074214.59 -182171855.77 -91810135.90 -97468607.39 -5381878.01 78707659.30 -285315665.25 -131282573.60 96766431.88 -216310636.17 -99338618.28 52876955.64 -69717301.29 152975033.25 78398322.59 1998629.03 -15581466.15 -200684788.48 7564361.05 111162494.86 -192471534.15 -196570297.03 -149056464.94 16011614.66 -42072948.35 -52326540.97 -163964995.28 -233822155.33 -86321099.10 -271538503.18 11152970.91 -105541379.99 59089808.93 -105850055.07 -75136972.96 89948867.46 -19334998.18 62010045.19 -121578547.03 80301421.63 -275010706.71 -110624331.95 42789460.35 585851.11 -60658395.24 2452821.45 69101928.99 69030.98 -10962146.67 -55865003.76 45183189.58 -150314202.76 -186080760.24 45192942.82 -51913073.67 -108641977.39 -110279948.41 -44045992.41 -42354399.86 -11998141.85 26064171.15 248753360.40 174641152.66 150360743.50 -92654812.82 -176921028.99 -63563524.47 -86132988.83
-32991565.33 7573901.05 2691018.62 10881287.46 -39873869.10 -22513541.74 -65211028.30 91998893.20 36388177.54 13219175.42 -24726809.87 4458139.99 29994211.29 12327403.05 21477642.62 -11425195.64 -10592478.30 -49107045.18 -58989961.18 16573167.69 26394255.35 9725099.17 -29155418.25 10104168.48 6247665.03 -82359621.10 18731741.36 -7701457.06 -5009948.42 3422725.14 -65207500.24 -36554156.09 -26399333.70 15117914.65 -68126175.49 -24604316.90 -1529495.75 26195756.49 -83320088.54 18473597.55 -33607103.35 10371243.05 23415394.33 -9195249.05 -3390421.08 2450895.58 -18894414.13 51940297.84 -22876476.49 -39450851.90 31485433.74 38548329.60 19402277.11 -4558604.50 -13039454.19 35298822.25 6429496.90 -30969362.62 30138138.34 -23627541.77 -18482031.86 11271249.22 -51461867.24 -15196959.90 -3121848.47 29432194.35 24967663.02 -10598990.45 -42822001.64 8239091.35 31133242.47 8466036.57 -12498158.83 -3965226.84 18884148.53 15052805.23 29858383.17 44368090.40 32074180.32 -1884242.59 62025297.52 -26795154.57 44286430.43 15180842.54 42223300.96 41958683.33 -3180844.30 8855466.47 -16464692.87 37760392.80 27290339.55 -21340163.15 -17202441.38 6934749.26 -3877124.05 -10200976.51 9184841.48 5007971.83 3116694.75 -12223650.91 8045762.75 47025629.26 1295837.32 10588619.83 14327227.11 18455617.10 10441399.10 17471285.64 -45582775.35 -42720921.35 -34162360.09 -4531034.83 -37931314.00 20411613.69 23628071.52 -7790606.96 28304444.68
-39755763.99 26584982.40 19709175.96 8914910.81 -39749061.76 -45374106.40 -69484731.96 36388177.54 117164399.88 -1953046.24 -59716586.53 -36368043.67 62843893.63 26647008.39 4570388.96 -28411180.30 47609301.04 -36883818.84 -43135602.84 22229132.03 16960935.69 8368310.51 -62870941.91 2762473.82 28928352.37 -112071023.76 7676316.70 6466715.29 1033191.92 -12201341.52 -71390036.90 -18428696.75 -8781379.36 60290805.99 -105185342.15 -38718860.56 16308812.59 16309258.83 -100968138.19 71077899.89 -32275934.01 -19702856.61 9380538.67 8525955.29 24983823.26 13263777.93 -22975313.79 34909475.18 -43803927.15 -56482482.56 56642860.08 15846673.94 -4010420.54 37494733.84 37191975.15 72198072.59 17270079.24 -68996174.28 84795061.68 -48955040.43 -36306782.52 13924459.56 -64230006.90 7740494.44 -29298700.12 11615826.70 20649054.36 13344020.89 -59845742.30 27511012.70 45598456.82 14119894.91 44570771.51 -5820904.50 -33824942.12 35007902.57 44144470.52 35841683.75 4681943.66 -15797168.24 22638308.86 18097393.77 22827356.77 -10060665.12 -26071501.70 15689709.67 23957478.04 50510374.82 -50010562.53 36118416.14 20351632.89 -69199588.81 -31503497.04 39263991.60 -42725893.71 37299126.83 -4188736.18 67206974.17 266965.09 -69164913.57 7357329.09 17493492.60 -24713870.34 51155599.17 50056294.46 26520148.44 -1380920.56 33151208.99 -42743192.01 -39798123.01 -30517139.75 -31730969.49 -62975606.65 10710918.03 75059646.86 -19227358.62 63956809.02
-66346502.11 17231653.28 56075932.84 -40747176.31 -63479988.88 23774049.48 -121445813.08 13219175.42 -1953046.24 154534701.64 18266202.35 19438031.21 12045805.51 17754950.27 37030008.84 -56497061.42 3310668.92 -28462657.96 -50269975.96 23298258.91 43842898.57 31928403.39 15403156.97 67304264.70 -32799749.75 -79814973.88 33592475.58 -8821088.83 -18752571.20 -5525063.64 -99329496.02 -103615207.87 -50938656.48 24062115.88 -5724389.27 -15398407.68 -97135864.53 44036098.71 -77704316.31 -15905601.23 -43853264.12 -45177177.73 9309781.55 -12533735.83 -898710.86 -20287782.19 4084080.09 54605726.06 -4822038.27 -38322780.68 -13190547.04 39052797.82 22562630.34 -35940460.28 -55130695.97 -37836847.53 15307028.12 10291279.60 -87318174.44 67115492.45 50096231.36 -29278021.56 -27497881.02 -21605970.68 33797493.76 -17792177.42 35834868.24 38697172.77 -24676026.42 28079619.58 -1050766.30 24021985.79 -40746293.61 -26909998.62 74928672.76 -50021816.55 44063502.40 46515362.63 58309966.54 -16688244.36 68161536.74 -48582530.35 44464339.65 33180295.76 59438974.18 37327905.55 -19480850.08 27819678.70 -9628679.65 71641996.02 77949328.77 -11685175.93 44496176.84 20226316.48 12853422.17 -64491256.29 -25957229.30 -70960362.95 30288808.97 57629133.31 55056573.97 109800740.48 -7806813.46 -2765881.95 -23795347.66 42002358.32 -25889581.68 4564142.87 -60017445.12 -47857915.12 -30468744.87 -39429935.61 -21505421.77 92194837.91 -43299149.26 49205660.26 -5255430.10
14026363.60 -12444842.01 37808876.55 -99792380.60 44777828.83 -9024789.81 226371255.63 -24726809.87 -59716586.53 18266202.35 372744718.06 119651935.92 -51284181.78 41007767.98 -116683694.45 -58801606.71 -22163752.37 181063644.75 99166187.75 -44490550.38 12313905.28 -55748301.90 48568343.68 -8792360.59 -102356891.04 259065285.83 1718488.29 10282372.88 -2683896.49 58920497.07 23698583.69 101468517.84 -16159705.77 -55388737.42 79279119.44 23865413.03 -53615923.82 13909253.42 152475341.40 -67244177.52 140131843.58 37256437.98 -12009990.74 24618911.88 -1103345.15 -9707829.48 -48620982.20 -22076084.23 72510677.44 7828090.03 -102606731.33 -18461390.47 -9429901.95 -45798890.57 15607327.74 -195717538.82 704939.83 32048039.31 -196928727.73 22598807.16 52545218.07 -32514288.85 115860953.69 -12672695.97 6711260.46 18896809.29 -89471812.05 18108849.48 46615126.29 -69063825.71 -103238091.60 -71835493.50 -24144752.90 -82342804.91 89840782.46 -148700966.84 -53547383.89 -19785294.66 -129921311.75 57557230.35 42595698.45 -32823044.64 10683176.36 -10363087.53 107964733.89 -15157869.74 35482039.63 -46150463.60 45832626.06 -105241473.27 -9542315.52 34839035.78 18046652.55 -18637386.81 17990229.88 -26015263.58 -39353621.59 -87422730.24 -21732950.32 64755446.02 -39020349.32 -10315589.81 66482051.25 -66736525.24 -104140701.95 -3401083.97 -27897331.97 -11155217.42 -44118844.42 -42667825.42 54902515.84 40336631.10 36764663.93 28290733.62 -137323805.55 8851456.97 -53672093.39
44595520.46 -25800380.16 42298625.40 -18734310.75 55550240.69 -1567939.95 142916962.48 4458139.99 -36368043.67 19438031.21 119651935.92 261839054.77 -34175382.93 45713313.83 -35557486.60 -6522559.85 -63759355.52 62624316.60 19127083.60 -11874475.53 42877358.13 -18624640.05 27635566.53 9936603.27 -113631225.18 184019896.69 10044904.15 31631226.73 92506141.36 -64970537.07 64089105.54 38124632.70 11986494.09 -55005354.56 62555742.29 -29900874.12 -90547922.96 44121743.28 139531967.25 -81851521.66 151349479.44 -320480.17 -32101506.89 101696586.74 2845268.70 57511079.37 -54708277.35 -3206437.37 70176647.29 603066.88 -94712916.48 13388315.39 -11073469.10 -52826959.71 -37081155.41 -162239045.96 -81129489.31 15952136.17 -175330849.88 21932514.01 159932977.93 -2229986.00 -20431865.46 104777319.88 -7388903.68 67592908.14 -71660520.19 9582370.34 -10485564.85 -55019124.86 -85797905.74 -48118041.65 -43798694.05 -82092029.06 56537484.32 -122418301.99 -12840400.04 23412661.19 -35769439.89 -69865187.80 19190140.30 -35342433.78 10895938.22 -7815769.67 160695463.75 55282927.11 10026332.48 -21946674.74 10849689.92 -85702537.42 -1634139.66 -37358271.36 -34846000.60 -4868934.95 8314345.74 -15676230.72 -31023832.73 -69933348.38 11752452.53 62055257.88 -9505385.47 18919569.05 -28010279.89 -54214697.38 -64367096.10 8894663.88 -41994939.12 -2688014.57 -78483225.56 -70164433.56 68909986.70 47591296.95 -21243852.21 23367135.47 -99160613.70 -9839621.18 -63951726.54
-10128171.24 10163819.14 -3788769.30 45246595.55 -20522578.01 973440.35 -55203419.22 29994211.29 62843893.63 12045805.51 -51284181.78 -34175382.93 197534721.37 -5459578.87 -18104603.30 -3625816.55 27713927.78 -35655610.10 -28845622.10 37322008.77 13925249.43 14218516.25 -52467336.17 5486419.57 12478841.11 -96182020.01 17873562.45 19221646.03 9933931.66 -11635752.77 -69313971.16 -122651949.01 12791702.39 1188539.74 -70280209.41 -46196973.82 -17529782.66 13430888.58 -64990651.45 -4606945.36 -23150433.26 -26964844.87 -2648006.59 -9145511.96 -14037079.00 36751203.67 -2093916.05 34205696.93 -41545646.41 -17648524.82 34146893.82 25825885.69 20895622.20 48288015.58 -4016827.11 42129829.34 -5539975.01 -68439956.54 57079331.42 -33428129.69 -38835837.77 68629555.30 -61204092.16 1090475.18 -1932803.38 -17517143.56 27797698.11 20227664.64 -36127529.55 14767655.44 40903618.56 22691976.65 24102878.25 1835734.24 7512661.62 23887379.31 16085918.26 35770982.49 68370126.40 -17159337.50 21182215.60 36513701.52 12284832.52 3761688.63 -25559438.95 44478334.41 -1897324.22 -4727072.44 -20132482.78 31853087.88 14389802.64 -47261191.07 -35685529.30 -3448263.65 -7855333.96 32670068.58 -30755782.43 58706267.92 -6963151.17 -59404430.83 13488983.83 40108830.35 -44424470.60 3497798.92 35380119.20 22134426.18 -7588484.82 28142735.73 -40584100.26 -23009208.26 39944380.99 -48465730.75 -52124698.91 12745341.77 46195619.60 -14449565.88 3558420.76
-66801620.48 28268721.90 72658249.46 -76429403.69 -48295624.25 -59600324.89 -13223048.46 12327403.05 26647008.39 17754950.27 41007767.98 45713313.83 -5459578.87 133636557.89 -9815069.54 -64626560.79 43784201.54 66967684.66 5089536.66 -7808410.47 24807225.19 -17105516.99 -32901848.41 -8029357.67 -28211951.12 -1182907.25 -23742992.79 7117578.79 2993780.42 20982663.99 -77206529.40 50721006.76 -45581564.85 37505650.50 -71121424.65 -18831651.06 4788183.10 24857117.34 -29022671.69 47409564.40 21469688.50 2245896.89 20244864.17 32123140.80 43484463.76 -6327259.57 -45884309.29 43347219.69 -10265137.65 -75488005.06 25376484.58 -7248038.55 -24179405.04 -13783395.65 44045813.65 -11231451.90 32646585.75 -34889517.77 -10529965.82 -8129364.93 -2440441.01 -44865445.94 -380399.40 18196024.94 -38014051.62 25249082.20 -26501476.13 44951578.40 -36168823.79 -7112192.80 5000080.32 -11421111.59 19986223.01 -41517084.00 -16304442.62 -23276401.93 37692601.02 30450630.25 -42534039.83 13571065.26 37566634.36 -28840953.72 29265909.28 -25161613.61 36635957.81 13021111.17 69771846.54 38461915.32 -34704811.02 -17153670.36 14069770.40 -39886129.30 -20432688.54 48251506.11 -48961922.20 -1680699.66 8497562.33 4697289.68 7795236.59 -12178997.07 -1966418.41 12594837.11 27363680.17 -791597.32 -6255290.04 37565330.94 -24755511.06 37826940.49 -61864382.50 -69810629.50 -14464576.24 -9653570.99 -27176564.15 37391143.53 8579397.36 -11039720.12 55793886.52
-46494777.91 24841029.47 18113051.04 45249177.88 -68961074.68 37707894.68 -276005929.89 21477642.62 4570388.96 37030008.84 -116683694.45 -35557486.60 -18104603.30 -9815069.54 334664238.04 15454127.78 -19489679.89 -119408856.77 -81064592.77 25937170.11 19198175.76 39716862.58 -63773302.83 39683523.90 51285503.45 -246999729.68 19737581.78 -10084954.64 2626262.99 -11816178.44 -78903732.83 -179993192.67 -13632324.28 56605758.07 -43705601.07 -52105913.48 -12978894.33 18307356.91 -161753483.12 -8758906.03 -55711012.93 -35250861.54 -96372.25 -27111807.63 -6757375.66 -13343852.00 27354735.29 45529026.26 -44024706.07 -20394963.48 42382753.16 38381058.02 35412874.53 -32040639.08 -103523086.77 77770963.67 8407084.32 -15481849.20 52892657.76 56894085.64 3013200.56 4681825.64 -75850216.83 -576283.48 11586111.95 46683267.77 80771364.44 -19691760.03 -69561289.22 39401396.77 57980232.89 80129932.99 -21856509.42 31403957.58 39815492.95 67606090.64 107547574.59 26040054.82 144117799.74 -5505107.17 11694196.93 23716807.85 16148041.85 34837291.96 -12915982.62 23311007.75 -39730430.89 55340292.89 -37392231.45 111763659.22 33384983.97 13431774.27 -21891611.96 30613280.68 -1404528.63 -42684697.09 50605242.90 -13955731.75 39202297.17 13601383.51 46814044.17 58917237.68 -54336256.26 26208923.25 41201419.53 27671619.52 2800085.52 -3177788.94 -636921.93 -7696788.93 -96454250.67 -71777207.42 -65541574.58 19711616.11 32526813.93 24672754.46 16281603.10
62624853.83 -53787617.78 -58715138.22 121478540.63 31316473.06 37835752.42 -2120293.14 -11425195.64 -28411180.30 -56497061.42 -58801606.71 -6522559.85 -3625816.55 -64626560.79 15454127.78 194019765.52 -42358833.14 -39312067.02 -15217548.02 1968556.85 -13575185.49 -11336242.67 11242401.91 -50606359.36 3494234.19 -2139801.94 20567047.52 15941261.11 15065029.74 -78609023.70 77735379.92 -10004059.93 40530035.46 -63216356.18 49177470.67 -1783908.74 44200203.41 -13926113.35 46982687.63 -52373076.29 10919097.82 4845285.21 -24062104.51 -22464051.89 -57579497.92 52890995.75 30893571.03 -56026307.00 11153691.67 62316667.26 3592352.90 13241409.76 29851258.28 10544856.66 -39119868.03 40633705.41 -32540249.94 18340597.54 79511642.50 -17332991.61 7459007.30 82683417.38 -22301240.08 1248696.26 22931801.70 -2009542.48 19206463.18 -58507566.29 3432903.52 1822865.52 18409186.64 10023682.73 -32839286.67 43274119.32 2374608.70 56898720.39 -16223594.66 -29304462.43 53983660.48 -73716172.42 -48289952.32 21584585.59 -28787151.41 12853592.70 -26941209.88 5965525.49 -50058365.14 -60740158.36 6259092.29 -21146041.04 -36197642.29 15513144.01 -41949492.22 -55796877.58 42877551.11 39017012.65 5238197.64 21396378.99 -8863816.09 -10600670.75 -13456506.09 -42486207.58 -48066839.52 -28532683.01 21089722.28 -27541600.74 23487627.26 -13312800.19 58056840.82 61677817.82 17593358.07 7644771.33 25508616.17 -56016270.15 38900335.68 -18072559.80 -46906870.16
-87910065.83 55548730.55 33017596.11 -16834518.04 -70861831.60 -47593286.24 -90683020.81 -10592478.30 47609301.04 3310668.92 -22163752.37 -63759355.52 27713927.78 43784201.54 -19489679.89 -42358833.14 181875440.19 71277559.31 42062793.31 1536054.18 -3170869.16 295366.66 -77994514.76 -8485929.02 53284447.52 -130354128.60 -3463808.14 11656237.44 -34259274.93 26994978.64 -92855499.75 -5136354.60 -9804548.20 86957578.15 -109935732.00 -21625529.41 16874208.75 -3969653.01 -124361348.04 80350642.05 -35773561.85 -37195457.46 -15038137.18 -7768898.55 48990942.41 -24638808.92 -9759019.64 17702131.34 -43824865.00 -78976525.41 56561595.23 -11746571.90 -12577962.39 37346531.99 115689749.30 70151229.75 74942368.40 -69889518.12 92984252.83 -28846178.28 -52133912.36 17216660.71 4178986.25 -26565112.41 -27925526.97 -39985027.15 4063568.52 45904489.05 -43726363.14 85831254.85 36504892.97 35912629.06 106046755.66 6098933.65 -46789887.97 26047932.72 45491576.67 11029959.90 6742550.82 26866788.91 16970852.01 950627.93 -4880232.07 -12919264.96 -87645550.54 -52345169.18 56579763.19 67588257.97 -57397406.37 39403690.29 -7245525.95 -46188513.65 -21800514.89 46428814.76 -43547130.55 33820344.99 -49013264.02 35975260.33 -3702462.76 -72587436.42 17287582.24 -5239353.24 4705705.82 50868056.33 45134682.61 28966417.59 -1205031.41 24562651.14 -542539.85 -28583075.85 -42598765.60 -69193764.34 -43194128.50 6257132.18 83321679.01 -4315611.47 49693056.17
17500919.29 25706261.67 41011680.23 -112792702.92 9524455.52 923663.88 218323516.31 -49107045.18 -36883818.84 -28462657.96 181063644.75 62624316.60 -35655610.10 66967684.66 -119408856.77 -39312067.02 71277559.31 358525669.43 218773991.43 -56718504.70 -21608974.04 -74187220.22 -35468090.64 -40635320.90 -55177845.36 215060529.52 -29266977.02 78811493.56 -36875699.81 62591134.76 36127180.37 156744883.52 27185131.92 -11226707.73 24967724.12 29626950.71 23724338.87 -20819700.89 108953239.08 24448191.17 103786551.27 26926569.66 15977731.94 36861060.57 37531440.53 -96521141.80 -66528112.52 -17382202.54 36417778.12 -5008301.29 -59372315.65 -58474380.78 -49556193.27 11176156.11 120318951.42 -132519939.13 14706873.52 -28232174.01 -102833593.05 -73967070.16 8886559.76 -14683956.17 145360787.37 1671124.71 -42571461.85 -34994551.03 -115042879.36 32649125.17 30858864.98 -41191241.03 -107591014.91 -50972990.82 90187677.78 -73097621.23 23887015.15 -123515485.16 -88350522.21 -34311239.98 -171005304.07 65346716.03 -19381435.87 38560738.05 -50279753.95 -62447599.84 12641515.58 -71278584.06 134021072.31 -4685108.91 2154193.75 -112635909.59 -80691017.83 4833999.46 -14211438.77 3133821.88 -55094983.43 6701011.11 -63136864.90 -31743516.55 -16295958.64 36118818.70 -46740917.64 -74378077.12 66715441.93 -30930403.55 -35607064.27 -9049824.29 -25789766.29 -2577338.74 16119663.27 -26981610.73 58222153.52 56843630.78 20214937.62 -9063005.70 -73611844.87 -31619952.35 20267327.29
38244164.29 37425053.67 7109596.23 -66019793.92 35714787.52 19298177.88 196537636.31 -58989961.18 -43135602.84 -50269975.96 99166187.75 19127083.60 -28845622.10 5089536.66 -81064592.77 -15217548.02 42062793.31 218773991.43 279791107.43 -60854949.70 -45103685.04 -49294707.22 -45681079.64 -11688045.90 -22896076.36 177630482.52 -32254335.02 73495580.56 1085438.19 66568738.76 77240551.37 112204635.52 75441738.92 2090225.27 50490674.12 -10991615.29 2916566.87 -44598321.89 112269161.08 15096531.17 75108522.27 14024444.66 -21492852.06 41902053.57 48051604.53 -100973367.80 -25633189.52 -41065173.54 61064494.12 16891899.71 -79676653.65 -59401655.78 -49236807.27 33923737.11 93860031.42 -104185820.13 -13969535.48 -17658760.01 -78714426.05 -43696172.16 12854578.76 -10022256.17 150503583.37 29745206.71 -16423497.85 -24682991.03 -97956639.36 24345949.17 48898327.98 -42796534.03 -97890949.91 -44035480.82 98024211.78 -44217847.23 -10160952.85 -91494552.16 -91203334.21 -55784736.98 -138682742.07 80016377.03 -55848312.87 77239226.05 -75176882.95 -51689169.84 -32407958.42 -106895063.06 77566432.31 1865076.09 15172142.75 -99027081.59 -88811992.83 9377864.46 -25181503.77 -14053193.12 -32402925.43 4528585.11 -49343291.90 -2198057.55 -9965016.64 51786119.70 -59588377.64 -98868741.12 53862742.93 -42437.55 -12096541.27 -49614030.29 -9270321.29 -28889354.74 77025062.27 13918757.27 64220995.52 55130312.78 3270710.62 -31607440.70 -74575241.87 -13847609.35 -9686103.71
5519321.16 -1716076.46 -2915052.89 27276121.95 -27024365.61 19097441.75 -89091052.82 16573167.69 22229132.03 23298258.91 -44490550.38 -11874475.53 37322008.77 -7808410.47 25937170.11 1968556.85 1536054.18 -56718504.70 -60854949.70 59027290.17 13393432.83 15977404.65 -7343702.77 9567382.97 5135818.52 -103783714.61 21649145.85 -2875227.57 -12620376.94 -32197602.37 -25383795.76 -107236170.60 -3990050.21 10754628.14 -33423914.01 2009912.58 -24171086.26 13091292.98 -68595591.05 -17809020.96 -36046316.86 -39722521.47 11943360.82 -11562594.56 -28639199.60 18209331.07 4014957.35 17624274.33 -9294125.01 4364026.58 39991504.23 24016329.09 26500438.60 8185167.99 -38770429.71 43478110.74 9201262.39 -23270878.13 28267640.82 9204905.71 -9546919.37 31949265.70 -57748253.76 -14839752.42 618122.02 -25710073.16 45947505.51 -474999.96 -14950048.15 42763189.84 35658516.96 28261902.05 -7052599.35 4756966.64 25482937.02 17737735.71 33297646.66 27808472.89 54092641.81 -36484971.10 23178923.00 -3021278.08 26086690.92 22746099.03 -8933072.55 38762331.82 -24690034.82 4645110.96 -12264727.38 56095653.29 27486098.04 -13923840.66 16267261.11 -1714727.25 8407935.44 2362738.98 -14596950.03 8395362.32 6724095.23 -32471535.42 34416426.23 48048029.75 -29196899.19 -5556005.68 18849513.60 25676944.58 601536.58 13619148.13 -12874919.86 -12428448.86 -26077648.60 -44308431.35 -29211905.51 17768963.17 34422721.00 3505842.52 4500619.17
-30531671.18 4359326.20 36940882.76 2393899.61 -34291121.95 -909752.60 -48157867.16 26394255.35 16960935.69 43842898.57 12313905.28 42877358.13 13925249.43 24807225.19 19198175.76 -13575185.49 -3170869.16 -21608974.04 -45103685.04 13393432.83 90379275.49 14223655.31 -6888963.11 16270992.63 -36568964.83 -41242908.95 12826984.51 12170804.09 28796078.72 -30916605.71 -43126508.10 -32673314.95 -25348992.55 1951381.80 -28495373.35 -39971613.76 -56614164.60 90581878.64 -32225987.39 -14691969.30 7432745.80 -25109330.81 -13056074.53 19785805.10 -2853862.94 26792904.73 -16921762.99 34134662.99 -3292926.35 -33298926.76 -5293754.12 37073029.75 15922872.26 -7324675.36 -19872064.05 -17187517.60 -12436637.95 -7293390.48 -29362347.52 7152515.37 37570206.29 4510038.36 -44828246.10 14267426.24 13257355.68 9204437.50 12085852.17 14200015.70 -45146762.49 3225520.50 4663627.62 10451860.71 -15449119.69 -38662218.70 27876824.68 -28725108.63 22766051.32 56132503.55 20843002.46 -37655152.44 44529082.66 -21807010.42 31918702.58 10545933.69 63559492.11 30350402.47 -2713006.16 6218868.62 -18410694.72 11068887.94 46954124.70 -37832021.01 -17699865.24 9307875.40 1274939.10 -2307398.36 -17520751.37 -9054533.02 8046983.89 17032677.23 11625295.89 46453308.40 -24538537.54 -11146711.02 -6012465.74 17939190.24 -12897950.76 21400290.79 -61592644.20 -38420594.20 -4703590.95 -23072491.69 -34871408.85 45086773.83 -7735968.34 -2529425.82 -2519242.18
-29781435.36 12191612.02 -2894037.42 14522986.43 -8719676.13 13823232.23 -88586905.34 9725099.17 8368310.51 31928403.39 -55748301.90 -18624640.05 14218516.25 -17105516.99 39716862.58 -11336242.67 295366.66 -74187220.22 -49294707.22 15977404.65 14223655.31 102945512.13 7384191.71 37991798.45 12249341.99 -77462000.13 15092254.33 -30295517.09 12497748.54 -24028122.89 -35436012.28 -62872728.12 -5243857.73 12732267.62 -721392.53 -21918813.94 -41860461.78 13946279.46 -51157898.57 -11077046.48 -42765667.38 -26733217.99 -13949485.71 10918135.92 1940366.88 16208721.55 24162056.83 25626171.81 -12224361.53 -17755494.94 5722294.70 20428157.57 14085887.08 -5322225.54 -18478094.23 22793088.22 1591099.87 11621083.35 2641089.30 7079388.19 12640431.11 1030969.18 -31927525.28 7209990.06 27203646.50 -13920042.68 26504008.99 -2274208.48 -26925375.67 12185407.32 21802325.44 38770676.53 -11125797.87 10458896.12 3020277.50 20012277.19 11807673.14 21679893.37 55646781.29 -28216469.62 3597037.48 -22614313.60 10507718.40 27284815.51 -8303788.07 9961353.29 -25680420.34 4414073.44 -8037144.90 50674215.76 41067914.52 1550498.82 2767831.58 9268792.23 13728142.92 -15311877.54 4678647.45 -5650773.20 30011914.71 11540789.05 20421675.71 32234886.23 -30841034.71 6392172.80 9562836.08 712687.06 8198187.06 -7015321.39 -20550418.38 4552016.62 -3780016.12 -30157774.87 -12966265.03 16451362.65 -3892644.52 26065159.00 -5494072.36
51048970.22 -53252404.40 -26457840.83 -46408424.99 85808950.45 4291338.81 127505917.24 -29155418.25 -62870941.91 15403156.97 48568343.68 27635566.53 -52467336.17 -32901848.41 -63773302.83 11242401.91 -77994514.76 -35468090.64 -45681079.64 -7343702.77 -6888963.11 7384191.71 241575620.29 1541141.03 -48089612.42 204335479.45 -11524750.09 -75596602.51 -7330663.88 -18213988.31 95779957.30 112901161.46 -56106108.15 -113412876.80 141073065.05 101917486.64 -39433897.20 -5718431.96 180099792.01 -84634044.90 -3472084.80 41464500.59 4946500.88 -40090087.50 -44458008.54 39487492.13 17092804.41 -40889042.61 23247761.05 62054683.64 -62067795.71 -20377725.85 -136688.34 -55735563.95 -66054233.65 -97593583.20 -25503137.55 148056331.93 -127632589.12 49887771.77 21554405.69 -65652411.24 36453762.30 -26760310.36 44296763.08 -29643651.10 -21662244.43 -8143604.90 97973076.91 -68432202.10 -48133709.98 -59042524.89 -115244313.29 27139567.70 -9009052.92 -23519489.23 -88257487.28 -26005421.05 -18507650.13 -26151470.04 -9156208.94 -76922552.02 -17999499.02 15975112.09 71641924.51 35462278.88 -49763231.76 -92455586.98 73003128.68 -60444315.65 41235196.10 99845639.40 106660549.17 -42184293.19 55476431.50 -29135836.96 56072751.03 -75210641.62 311403.29 66260122.64 -20464311.71 -3698465.19 28168392.87 -57426795.62 -86222071.34 -41509068.36 8749957.64 -29715554.81 -27761330.80 50405241.20 72908489.46 49401976.71 167478851.55 -4689054.77 -99818753.94 33912085.58 -61258993.77
-26391222.05 19284658.34 30923223.90 -20427693.25 -20715535.82 14750056.54 -48697957.02 10104168.48 2762473.82 67304264.70 -8792360.59 9936603.27 5486419.57 -8029357.67 39683523.90 -50606359.36 -8485929.02 -40635320.90 -11688045.90 9567382.97 16270992.63 37991798.45 1541141.03 138687744.76 -15050574.69 -24012147.82 18615528.64 -17755015.77 28869547.86 -31327676.58 -34450648.96 -76215565.81 634345.58 33297890.93 15622595.79 -43434120.62 -83735722.47 16491521.77 -21516656.25 -6409193.17 -25962980.07 -28970070.67 -18121656.39 19847454.23 28268070.20 -37926420.13 12762568.15 28983692.12 -2950465.21 -17304683.62 -37057695.98 26746411.88 3056342.40 -14672535.22 -47941272.91 -42653191.47 -13940743.82 -6707272.34 -71201946.38 63569841.51 50655744.42 -31072125.50 -17015964.96 23209441.38 24998658.82 7169996.64 13775030.30 10957356.83 -27882937.36 16573496.64 -19643229.24 14217800.85 -7214820.55 -3726792.56 37269775.82 -35982913.49 -1432068.54 14609166.69 34970723.60 -28272557.30 20046910.80 -15328276.29 21752308.71 21965979.82 29257642.24 14556056.61 -24629334.02 31347514.76 -4601899.59 54815654.08 54779059.83 -21371690.87 -2286497.10 22759730.54 8857776.23 -42551101.23 -11193302.24 -28806320.89 28204687.03 42632279.37 27010683.03 42819881.54 -8118747.40 20824592.11 -2005113.60 4336006.38 -17297542.62 -15719671.07 -21708283.07 -36107905.07 3949801.19 -3997073.55 -31036954.71 47336729.97 -49923933.20 43821596.32 -17827252.04
-51368005.50 14713305.88 -46096998.55 42790410.29 -17847624.27 -41340045.91 -125562459.48 6247665.03 28928352.37 -32799749.75 -102356891.04 -113631225.18 12478841.11 -28211951.12 51285503.45 3494234.19 53284447.52 -55177845.36 -22896076.36 5135818.52 -36568964.83 12249341.99 -48089612.42 -15050574.69 199925070.86 -152417258.27 -442538.81 -19010466.23 -50611051.60 58129234.97 -53075458.42 -14268346.26 -8909741.87 52805591.48 -52859190.66 -5595869.07 82430981.08 -37674275.68 -120149298.71 44053662.38 -90717736.52 11285490.88 -21266974.84 -41273944.22 10046940.75 -28179489.59 49310650.70 5000408.67 -45203364.66 -15189879.07 59842600.57 -14010944.57 -1467371.06 16085105.33 45483800.64 124865793.08 67336779.73 -30894296.79 155327160.17 -23879724.95 -85059895.03 13810864.05 13777134.58 -45761328.07 -20161398.64 -4500393.82 37895349.85 -23643227.62 -7404523.81 49671464.18 74155495.30 43464471.40 35296418.99 89068424.99 -85100278.64 100437988.05 19292584.00 -14945577.77 50927849.15 72907984.24 -22336685.65 -6089020.74 -22007848.74 7054086.37 -116235173.21 -49327220.84 -9212190.48 41321776.30 -21113197.04 63300207.63 -35596920.62 17653576.68 -30807920.55 668446.09 -12340712.22 9191071.32 22614214.31 60604651.66 -21818912.42 -70566804.08 12482359.58 -24628351.91 19171733.15 47384740.66 47365331.94 -4702360.07 30242674.93 3412379.47 60284041.48 42055337.48 -64302731.26 -25877460.01 7903626.83 -37055956.48 90071698.35 4997129.87 23669031.51
168392534.37 -62775123.24 -23587124.68 -131566830.83 269127230.60 -26395520.04 657500133.40 -82359621.10 -112071023.76 -79814973.88 259065285.83 184019896.69 -96182020.01 -1182907.25 -246999729.68 -2139801.94 -130354128.60 215060529.52 177630482.52 -103783714.61 -41242908.95 -77462000.13 204335479.45 -24012147.82 -152417258.27 781508478.60 -58095019.94 -764295.36 93671979.28 -10042822.16 287745756.46 438762130.61 36113532.00 -198161296.65 263376561.21 94147716.80 -2415593.05 -38252257.81 510233410.17 -106709418.75 227128936.35 147878230.75 -35098203.97 93039194.65 8624793.62 18013186.29 -29410783.43 -108423804.46 115301737.21 130429251.80 -240830669.56 -103671339.70 -105787232.18 -60813124.80 24669227.51 -357164822.05 -128349881.40 166237900.08 -315764939.96 -37058909.07 102539470.84 -128066288.08 173868378.46 91368771.80 27229992.23 12590566.05 -218859415.28 21478324.25 147986630.06 -221324745.95 -234083801.83 -165117657.73 -58788816.13 -42088204.14 -40479692.77 -197462619.07 -251127035.12 -93154444.89 -253783606.98 -1114939.89 -113040427.78 -11746076.87 -95791430.87 -56415976.76 152942234.66 -8908915.97 55010022.40 -137341453.83 108914937.83 -274065745.50 -75413712.75 82779588.55 11330762.32 -67986966.04 29319292.65 2472914.19 31911525.18 -85835823.47 -37366874.55 112783688.79 -139587051.55 -186361602.04 59973996.02 -108654023.47 -158001164.18 -114102050.20 -40826585.20 -65096976.65 -35941518.65 21706645.35 267186745.61 207151998.87 207577191.70 -68285330.61 -258140956.78 -13043055.26 -111571037.62
-14921166.17 -1560287.78 2476847.78 35982561.63 -18856240.94 9809710.42 -73391964.14 18731741.36 7676316.70 33592475.58 1718488.29 10044904.15 17873562.45 -23742992.79 19737581.78 20567047.52 -3463808.14 -29266977.02 -32254335.02 21649145.85 12826984.51 15092254.33 -11524750.09 18615528.64 -442538.81 -58095019.94 103238834.52 -128702.89 5647718.74 -32227714.70 -35514066.08 -70437782.93 2156757.46 16971213.82 -7404768.33 -26618795.74 -42147067.59 12644006.65 -50431955.37 -5275103.29 680402.82 -37262981.79 -7834539.51 -11302126.89 -17450696.92 -9054822.25 8082812.03 3899292.00 10845110.67 -13467659.74 -7157419.10 28891712.76 22867222.28 -8203366.34 -33872568.03 -3302121.59 -711013.94 -15225445.46 -14107211.50 2463864.39 21263082.30 14491549.38 -24524801.08 -7953780.74 23146431.70 10176268.52 23981286.18 -1032662.29 -23901612.48 29571060.52 1481515.64 13544516.73 -9975227.67 -8923555.68 56680055.70 -16951818.61 25799132.34 14704891.57 45652045.48 -29966610.42 24625113.68 -13273419.41 33188831.59 45299542.70 13056589.12 18813019.49 -28505591.14 15257451.64 -9312127.71 43891888.96 31653121.71 -16357922.99 -751658.22 -7286042.58 28007785.11 -22929838.35 -27508370.36 -20150309.01 9385328.91 5198128.25 30050802.91 34915725.42 -23282720.52 1622151.99 5512116.28 20581782.26 3165002.26 -676898.19 -11809320.18 -32682651.18 -31580913.93 -18987807.67 -37981303.83 22929938.85 -588454.32 16320927.20 -5197754.16
